[
  0.804496586,
  0.804496586,
  0.804496586,
  0.804496586,
  0.804496586,
  0.804496586,
  0.804496586,
  0.804496586,
  0.804496586,
  0.804496586,
  0.804496586,
  0.804496586,
  0.804496586,
  0.804496586,
  0.804496586,
  0.804496586,
  0.804496586,
  0.804496586,
  0.804496586,
  0.804496586,
  0.804496586,
  0.804496586,
  0.804496586,
  0.804496586,
  0.804496586,
  0.804496586,
  0.804496586,
  0.804496586,
  0.804496586,
  0.804496586,
  0.804496586,
  0.804496586,
  0.804496586,
  0.804496586,
  0.804496586,
  0.804496586,
  0.804496586,
  0.804496586,
  0.804496586,
  0.804496586,
  0.804496586,
  0.804496586,
  0.804496586,
  0.804496586,
  0.804496586,
  0.804496586,
  0.804496586,
  0.804496586,
  0.804496586,
  0.804496586,
  0.804496586,
  0.804496586,
  0.804496586,
  0.804496586,
  0.804496586,
  0.804496586,
  0.804496586,
  0.804496586,
  0.804496586,
  0.804496586,
  0.804496586,
  0.804496586,
  0.804496586,
  0.804496586
]