[
  {
    "DeviceName": "Note7",
    "Address": "192.168.1.160",
    "SendPort": 9001,
    "ListenPort": 8001,
    "Faders": [
      0.804496586,
      0.804496586,
      0.804496586,
      0.804496586,
      0.804496586,
      0.804496586,
      0.804496586,
      0.804496586,
      0.804496586,
      0.804496586,
      0.804496586,
      0.804496586,
      0.804496586,
      0.804496586,
      0.804496586,
      0.804496586,
      0.804496586,
      0.804496586,
      0.804496586,
      0.804496586,
      0.804496586,
      0.804496586,
      0.804496586,
      0.804496586,
      0.804496586,
      0.804496586,
      0.804496586,
      0.804496586,
      0.804496586,
      0.804496586,
      0.804496586,
      0.804496586,
      0.804496586,
      0.804496586,
      0.804496586,
      0.804496586,
      0.804496586,
      0.804496586,
      0.804496586,
      0.804496586,
      0.804496586,
      0.804496586,
      0.804496586,
      0.804496586,
      0.804496586,
      0.804496586,
      0.804496586,
      0.804496586,
      0.804496586,
      0.804496586,
      0.804496586,
      0.804496586,
      0.804496586,
      0.804496586,
      0.804496586,
      0.804496586,
      0.804496586,
      0.804496586,
      0.804496586,
      0.804496586,
      0.804496586,
      0.804496586,
      0.804496586,
      0.804496586,
      0.804496586,
      0.804496586,
      0.804496586,
      0.804496586,
      0.804496586,
      0.804496586,
      0.804496586,
      0.804496586,
      0.804496586,
      0.804496586,
      0.804496586,
      0.804496586,
      0.804496586,
      0.804496586,
      0.804496586,
      0.804496586,
      0.804496586,
      0.804496586,
      0.804496586,
      0.804496586,
      0.804496586,
      0.804496586,
      0.804496586,
      0.804496586,
      0.804496586,
      0.804496586,
      0.804496586,
      0.804496586,
      0.804496586,
      0.804496586,
      0.804496586,
      0.804496586
    ]
  }
]