[
  [
    0,
    0,
    0,
    0.303803802,
    0.697953105,
    0.697953105,
    0.49755621,
    0.271749765,
    0.306940377,
    0.306940377,
    0.624633431,
    0.631476045,
    0.913978517,
    0.77810359,
    0.618768334,
    0.703812301
  ],
  [
    0,
    0,
    0,
    0.318670571,
    0.71242398,
    0.71242398,
    0.378299117,
    0.240469202,
    0.329423279,
    0.329423279,
    0.420324415,
    0.420324415,
    0.684261978,
    0.812316716,
    0.470185727,
    0.617790818
  ],
  [
    0,
    0,
    0,
    0.636363626,
    0.590582788,
    0.590582788,
    0.636363626,
    0.612903237,
    0.370843083,
    0.370843083,
    0.740091026,
    0.740091026,
    0.912023485,
    0.776148558,
    0.845552325,
    0.434995115
  ],
  [
    0,
    0,
    0,
    0.856305003,
    0.304985344,
    0.304985344,
    0.660801589,
    0.485826015,
    0.292277604,
    0.292277604,
    0.608623564,
    0.608623564,
    0.848484874,
    0.761485815,
    0.536656916,
    0.953079164
  ],
  [
    0,
    0,
    0,
    0.575757563,
    0.340175956,
    0.340175956,
    0.362658858,
    0.332355827,
    0.323558152,
    0.323558152,
    0.609204829,
    0.609204829,
    0,
    0,
    0,
    0
  ],
  [
    0,
    0,
    0,
    0.421309859,
    0.612397194,
    0.612397194,
    0.357771248,
    0,
    0.378299117,
    0.378299117,
    0.655520201,
    0.655520201,
    0.6735093,
    0.656891525,
    0.452590406,
    0.616813302
  ]
]