[
  [
    213,
    541,
    336,
    753,
    293,
    293,
    493,
    532,
    691,
    691,
    221,
    814,
    550,
    823,
    435,
    746,
    823,
    823,
    823,
    823,
    823,
    823,
    823,
    823,
    823,
    823,
    823,
    823,
    823,
    823,
    823,
    823,
    823,
    823,
    823,
    823,
    823,
    823,
    823,
    823,
    823,
    823,
    823,
    823,
    823,
    823,
    823,
    823,
    823,
    823,
    823,
    823,
    823,
    823,
    823,
    823,
    823,
    823,
    823,
    823,
    823,
    823,
    823,
    823
  ],
  [
    0,
    823,
    1023,
    823,
    583,
    583,
    823,
    1023,
    616,
    616,
    823,
    384,
    823,
    823,
    823,
    823,
    823,
    823,
    823,
    823,
    823,
    823,
    823,
    823,
    823,
    823,
    823,
    823,
    823,
    823,
    823,
    823,
    823,
    823,
    823,
    823,
    823,
    823,
    823,
    823,
    823,
    823,
    823,
    823,
    823,
    823,
    823,
    823,
    823,
    823,
    823,
    823,
    823,
    823,
    823,
    823,
    823,
    823,
    823,
    823,
    823,
    823,
    823,
    823
  ],
  [
    823,
    1023,
    823,
    1023,
    315,
    315,
    823,
    1023,
    823,
    823,
    408,
    386,
    823,
    385,
    417,
    424,
    823,
    823,
    823,
    823,
    823,
    823,
    823,
    823,
    823,
    823,
    823,
    823,
    823,
    823,
    823,
    823,
    823,
    823,
    823,
    823,
    823,
    823,
    823,
    823,
    823,
    823,
    823,
    823,
    823,
    823,
    823,
    823,
    823,
    823,
    823,
    823,
    823,
    823,
    823,
    823,
    823,
    823,
    823,
    823,
    823,
    823,
    823,
    823
  ],
  [
    823,
    345,
    570,
    1023,
    320,
    320,
    823,
    351,
    919,
    919,
    999,
    823,
    823,
    301,
    823,
    368,
    823,
    823,
    823,
    823,
    823,
    823,
    823,
    823,
    823,
    823,
    823,
    823,
    823,
    823,
    823,
    823,
    823,
    823,
    823,
    823,
    823,
    823,
    823,
    823,
    823,
    823,
    823,
    823,
    823,
    823,
    823,
    823,
    823,
    823,
    823,
    823,
    823,
    823,
    823,
    823,
    823,
    823,
    823,
    823,
    823,
    823,
    823,
    823
  ],
  [
    986,
    597,
    452,
    1023,
    823,
    823,
    316,
    649,
    427,
    427,
    823,
    273,
    823,
    823,
    785,
    823,
    823,
    823,
    823,
    823,
    823,
    823,
    823,
    823,
    823,
    823,
    823,
    823,
    823,
    823,
    823,
    823,
    823,
    823,
    823,
    823,
    823,
    823,
    823,
    823,
    823,
    823,
    823,
    823,
    823,
    823,
    823,
    823,
    823,
    823,
    823,
    823,
    823,
    823,
    823,
    823,
    823,
    823,
    823,
    823,
    823,
    823,
    823,
    823
  ],
  [
    2,
    241,
    398,
    470,
    360,
    360,
    390,
    476,
    602,
    602,
    823,
    525,
    823,
    362,
    1023,
    823,
    823,
    823,
    823,
    823,
    823,
    823,
    823,
    823,
    823,
    823,
    823,
    823,
    823,
    823,
    823,
    823,
    823,
    823,
    823,
    823,
    823,
    823,
    823,
    823,
    823,
    823,
    823,
    823,
    823,
    823,
    823,
    823,
    823,
    823,
    823,
    823,
    823,
    823,
    823,
    823,
    823,
    823,
    823,
    823,
    823,
    823,
    823,
    823
  ],
  [
    823,
    823,
    823,
    823,
    823,
    823,
    823,
    823,
    823,
    823,
    823,
    823,
    823,
    823,
    823,
    823,
    823,
    823,
    823,
    823,
    823,
    823,
    823,
    823,
    823,
    823,
    823,
    823,
    823,
    823,
    823,
    823,
    823,
    823,
    823,
    823,
    823,
    823,
    823,
    823,
    823,
    823,
    823,
    823,
    823,
    823,
    823,
    823,
    823,
    823,
    823,
    823,
    823,
    823,
    823,
    823,
    823,
    823,
    823,
    823,
    823,
    823,
    823,
    823
  ],
  [
    823,
    823,
    823,
    823,
    823,
    823,
    823,
    823,
    823,
    823,
    823,
    823,
    823,
    823,
    823,
    823,
    823,
    823,
    823,
    823,
    823,
    823,
    823,
    823,
    823,
    823,
    823,
    823,
    823,
    823,
    823,
    823,
    823,
    823,
    823,
    823,
    823,
    823,
    823,
    823,
    823,
    823,
    823,
    823,
    823,
    823,
    823,
    823,
    823,
    823,
    823,
    823,
    823,
    823,
    823,
    823,
    823,
    823,
    823,
    823,
    823,
    823,
    823,
    823
  ],
  [
    823,
    823,
    823,
    823,
    823,
    823,
    823,
    823,
    823,
    823,
    823,
    823,
    823,
    823,
    823,
    823,
    823,
    823,
    823,
    823,
    823,
    823,
    823,
    823,
    823,
    823,
    823,
    823,
    823,
    823,
    823,
    823,
    823,
    823,
    823,
    823,
    823,
    823,
    823,
    823,
    823,
    823,
    823,
    823,
    823,
    823,
    823,
    823,
    823,
    823,
    823,
    823,
    823,
    823,
    823,
    823,
    823,
    823,
    823,
    823,
    823,
    823,
    823,
    823
  ],
  [
    823,
    823,
    823,
    823,
    823,
    823,
    823,
    823,
    823,
    823,
    823,
    823,
    823,
    823,
    823,
    823,
    823,
    823,
    823,
    823,
    823,
    823,
    823,
    823,
    823,
    823,
    823,
    823,
    823,
    823,
    823,
    823,
    823,
    823,
    823,
    823,
    823,
    823,
    823,
    823,
    823,
    823,
    823,
    823,
    823,
    823,
    823,
    823,
    823,
    823,
    823,
    823,
    823,
    823,
    823,
    823,
    823,
    823,
    823,
    823,
    823,
    823,
    823,
    823
  ],
  [
    823,
    823,
    823,
    823,
    823,
    823,
    823,
    823,
    823,
    823,
    823,
    823,
    823,
    823,
    823,
    823,
    823,
    823,
    823,
    823,
    823,
    823,
    823,
    823,
    823,
    823,
    823,
    823,
    823,
    823,
    823,
    823,
    823,
    823,
    823,
    823,
    823,
    823,
    823,
    823,
    823,
    823,
    823,
    823,
    823,
    823,
    823,
    823,
    823,
    823,
    823,
    823,
    823,
    823,
    823,
    823,
    823,
    823,
    823,
    823,
    823,
    823,
    823,
    823
  ],
  [
    823,
    823,
    823,
    823,
    823,
    823,
    823,
    823,
    823,
    823,
    823,
    823,
    823,
    823,
    823,
    823,
    823,
    823,
    823,
    823,
    823,
    823,
    823,
    823,
    823,
    823,
    823,
    823,
    823,
    823,
    823,
    823,
    823,
    823,
    823,
    823,
    823,
    823,
    823,
    823,
    823,
    823,
    823,
    823,
    823,
    823,
    823,
    823,
    823,
    823,
    823,
    823,
    823,
    823,
    823,
    823,
    823,
    823,
    823,
    823,
    823,
    823,
    823,
    823
  ],
  [
    823,
    823,
    823,
    823,
    823,
    823,
    823,
    823,
    823,
    823,
    823,
    823,
    823,
    823,
    823,
    823,
    823,
    823,
    823,
    823,
    823,
    823,
    823,
    823,
    823,
    823,
    823,
    823,
    823,
    823,
    823,
    823,
    823,
    823,
    823,
    823,
    823,
    823,
    823,
    823,
    823,
    823,
    823,
    823,
    823,
    823,
    823,
    823,
    823,
    823,
    823,
    823,
    823,
    823,
    823,
    823,
    823,
    823,
    823,
    823,
    823,
    823,
    823,
    823
  ],
  [
    823,
    823,
    823,
    823,
    823,
    823,
    823,
    823,
    823,
    823,
    823,
    823,
    823,
    823,
    823,
    823,
    823,
    823,
    823,
    823,
    823,
    823,
    823,
    823,
    823,
    823,
    823,
    823,
    823,
    823,
    823,
    823,
    823,
    823,
    823,
    823,
    823,
    823,
    823,
    823,
    823,
    823,
    823,
    823,
    823,
    823,
    823,
    823,
    823,
    823,
    823,
    823,
    823,
    823,
    823,
    823,
    823,
    823,
    823,
    823,
    823,
    823,
    823,
    823
  ],
  [
    823,
    823,
    823,
    823,
    823,
    823,
    823,
    823,
    823,
    823,
    823,
    823,
    823,
    823,
    823,
    823,
    823,
    823,
    823,
    823,
    823,
    823,
    823,
    823,
    823,
    823,
    823,
    823,
    823,
    823,
    823,
    823,
    823,
    823,
    823,
    823,
    823,
    823,
    823,
    823,
    823,
    823,
    823,
    823,
    823,
    823,
    823,
    823,
    823,
    823,
    823,
    823,
    823,
    823,
    823,
    823,
    823,
    823,
    823,
    823,
    823,
    823,
    823,
    823
  ],
  [
    823,
    823,
    823,
    823,
    823,
    823,
    823,
    823,
    823,
    823,
    823,
    823,
    823,
    823,
    823,
    823,
    823,
    823,
    823,
    823,
    823,
    823,
    823,
    823,
    823,
    823,
    823,
    823,
    823,
    823,
    823,
    823,
    823,
    823,
    823,
    823,
    823,
    823,
    823,
    823,
    823,
    823,
    823,
    823,
    823,
    823,
    823,
    823,
    823,
    823,
    823,
    823,
    823,
    823,
    823,
    823,
    823,
    823,
    823,
    823,
    823,
    823,
    823,
    823
  ]
]